0.005	1
0.01	0.148584
0.015	0.0448669
0.02	0.0235438
0.025	0.0148809
0.03	0.0102267
0.035	0.00735847
0.04	0.00544385
0.045	0.00409039
0.05	0.00313045
0.055	0.0024138
0.06	0.00187077
0.065	0.00145924
0.07	0.00114461
0.075	0.000900152
0.08	0.000710363
0.085	0.000560819
0.09	0.000443324
0.095	0.000349241
0.1	0.000275818
0.105	0.000217985
0.11	0.000172395
0.115	0.000136386
0.12	0.000107928
0.125	8.5413e-05
0.13	6.76064e-05
0.135	5.35159e-05
0.14	4.24589e-05
0.145	3.32926e-05
0.15	2.62109e-05
0.155	2.24473e-05
0.16	1.85094e-05
0.165	1.52399e-05
0.17	1.27424e-05
0.175	1.04609e-05
0.18	8.84207e-06
0.185	8.5097e-06
0.19	7.68555e-06
0.195	6.88414e-06
0.2	6.01714e-06
0.205	5.2822e-06
0.21	5.06717e-06
0.215	4.69653e-06
0.22	4.37213e-06
0.225	4.09529e-06
0.23	3.91322e-06
0.235	3.67352e-06
0.24	3.46542e-06
0.245	3.24253e-06
0.25	3.0535e-06
0.255	2.8801e-06
0.26	2.71076e-06
0.265	2.58569e-06
0.27	2.42166e-06
0.275	2.29666e-06
0.28	2.15919e-06
0.285	2.03809e-06
0.29	1.94216e-06
0.295	1.82193e-06
0.3	1.7196e-06
0.305	1.63824e-06
0.31	1.5441e-06
0.315	1.44964e-06
0.32	1.38665e-06
0.325	1.29703e-06
0.33	1.23996e-06
0.335	1.16029e-06
0.34	1.10911e-06
0.345	1.0391e-06
0.35	9.917e-07
0.355	9.31424e-07
0.36	8.84855e-07
0.365	8.34708e-07
0.37	7.91333e-07
0.375	7.4752e-07
0.38	7.07676e-07
0.385	6.69018e-07
0.39	6.31245e-07
0.395	5.96779e-07
0.4	5.634e-07
0.405	5.37558e-07
0.41	5.07667e-07
0.415	4.79629e-07
0.42	4.53177e-07
0.425	4.27898e-07
0.43	4.07759e-07
0.435	3.84564e-07
0.44	3.63661e-07
0.445	3.44093e-07
0.45	3.26896e-07
0.455	3.09425e-07
0.46	2.91362e-07
0.465	2.77976e-07
0.47	2.62206e-07
0.475	2.47097e-07
0.48	2.3555e-07
0.485	2.22829e-07
0.49	2.09588e-07
0.495	1.99665e-07
0.5	1.89493e-07
