0.5 31631.3
0.515152 31139.1
0.530303 30322.3
0.545455 29505.6
0.560606 28242.6
0.575758 26788.5
0.590909 25334.3
0.606061 24071
0.621212 23094.1
0.636364 22117.1
0.651515 21169.4
0.666667 20484.1
0.681818 19798.8
0.69697 19113.5
0.712121 18578.3
0.727273 18080.5
0.742424 17582.8
0.757576 17147.4
0.772727 16774.2
0.787879 16401
0.80303 16044.9
0.818182 15757
0.833333 15469
0.848485 15181
0.863636 14947
0.878788 14718.9
0.893939 14490.8
0.909091 14288.8
0.924242 14104
0.939394 13919.3
0.954545 13744.2
0.969697 13591.6
0.984848 13439
1 13286.5
1.01515 13155.3
1.0303 13024.1
1.04545 12893
1.06061 12772.3
1.07576 12656
1.09091 12539.8
1.10606 12428.7
1.12121 12325.5
1.13636 12222.2
1.15152 12119.9
1.16667 12026.9
1.18182 11933.9
1.19697 11840.9
1.21212 11754
1.22727 11668.8
1.24242 11583.5
1.25758 11501.1
1.27273 11421.6
1.28788 11342.1
1.30303 11263.4
1.31818 11188
1.33333 11112.7
1.34848 11037.3
1.36364 10964.4
1.37879 10891.8
1.39394 10819.2
1.40909 10747.6
1.42424 10676.6
1.43939 10605.7
1.45455 10534.9
1.4697 10464.5
1.48485 10394.2
1.5 10323.8
1.51515 10253.1
1.5303 10182.4
1.54545 10111.7
1.56061 10040.2
1.57576 9968.24
1.59091 9896.31
1.60606 9823.52
1.62121 9749.44
1.63636 9675.36
1.65152 9600.97
1.66667 9523.8
1.68182 9446.62
1.69697 9369.45
1.71212 9288.98
1.72727 9207.69
1.74242 9126.41
1.75758 9042.53
1.77273 8956.05
1.78788 8869.58
1.80303 8781.86
1.81818 8689.16
1.83333 8596.46
1.84848 8503.76
1.86364 8405.01
1.87879 8305.58
1.89394 8206.16
1.90909 8103.08
1.92424 7997.56
1.93939 7892.04
1.95455 7802.12
1.9697 7748.62
1.98485 7695.12
2 7641.61
